@ 13.160 34.024 -12.688 2.36 -0.62 0:0.0
* 12.373 28.826 -18.062 2.25 -0.53 0:5.0
* 7.303 25.646 -24.636 2.00 -0.39 0:10.0
* -5.240 13.712 -29.848 1.56 -0.04 0:15.0
* -14.629 0.841 -23.494 0.73 0.21 0:20.0
@ -18.597 -4.014 -16.639 0.65 0.30 0:25.0
* -19.601 1.564 -13.294 0.90 -0.57 0:30.0
* -23.456 -0.888 -12.365 0.52 -0.39 0:35.0
* -25.982 -2.575 -3.768 -0.11 -0.24 0:40.0
* -23.485 -4.254 7.158 -0.44 -0.26 0:45.0
* -19.066 -9.432 8.106 -0.41 -0.40 0:50.0
@ -9.219 -11.746 3.822 -0.34 -0.41 0:55.0
* -13.716 -15.114 -4.428 -0.07 -0.39 1:0.0
* -17.402 -15.678 -6.847 0.44 -0.30 1:5.0
@ -20.439 -17.504 -1.662 0.44 -0.30 1:10.0
